1000.0 295.6520302517669 12.0119041771148  
0.0 295.6520302517669 12.0119041771148 -5.0 0.0
25.0 295.7020302517669 12.0119041771148 -4.992483103347048 0.38278320365091895
50.0 295.7520302517669 12.0119041771148 -4.969944003897998 0.7649761833464882
75.0 295.8020302517669 12.0119041771148 -4.9324174553105316 1.145989625213917
100.0 295.8520302517669 12.0119041771148 -4.879961320802593 1.525236034142251
125.0 295.9020302517669 12.0119041771148 -4.812656483931496 1.9021306396572504
150.0 295.9520302517669 12.0119041771148 -4.730606723877347 2.2760922975950777
175.0 296.0020302517669 12.0119041771148 -4.633938555423061 2.646544386184474
200.0 296.0520302517669 12.0119041771148 -4.522801033877746 3.012915695155737
225.0 296.1020302517669 12.0119041771148 -4.39736552524422 3.3746413065055565
250.0 296.1520302517669 12.0119041771148 -4.257825441985046 3.7311634655596255
275.0 296.2020302517669 12.0119041771148 -4.1043959447945415 4.081932440989925
300.0 296.2520302517669 12.0119041771148 -3.9373136108365863 4.426407372460581
325.0 296.3020302517669 12.0119041771148 -3.756836068959773 4.76405710459531
350.0 296.3520302517669 12.0119041771148 -3.5632416024523987 5.094361005980501
375.0 296.4020302517669 12.0119041771148 -3.3568287199498155 5.4168097719411215
400.0 296.4520302517669 12.0119041771148 -3.137915695155738 5.7309062098516135
425.0 296.5020302517669 12.0119041771148 -2.9068400760872635 6.036166005770881
450.0 296.5520302517669 12.0119041771148 -2.6639581646003014 6.332118471219291
475.0 296.6020302517669 12.0119041771148 -2.4096444669979338 6.6183072689461815
500.0 296.6520302517669 12.0119041771148 -2.144291116568839 6.894291116568838
525.0 296.7020302517669 12.0119041771148 -1.8683072689461824 7.159644466997934
550.0 296.7520302517669 12.0119041771148 -1.5821184712192897 7.413958164600302
575.0 296.8020302517669 12.0119041771148 -1.2861660057708821 7.656840076087262
600.0 296.8520302517669 12.0119041771148 -0.9809062098516135 7.887915695155738
625.0 296.9020302517669 12.0119041771148 -0.6668097719411223 8.106828719949815
650.0 296.9520302517669 12.0119041771148 -0.34436100598050157 8.313241602452399
675.0 297.0020302517669 12.0119041771148 -0.01405710459530951 8.506836068959773
700.0 297.0520302517669 12.0119041771148 0.3235926275394183 8.687313610836586
725.0 297.1020302517669 12.0119041771148 0.6680675590100753 8.854395944794542
750.0 297.1520302517669 12.0119041771148 1.018836534440374 9.007825441985046
775.0 297.2020302517669 12.0119041771148 1.3753586934944426 9.14736552524422
800.0 297.2520302517669 12.0119041771148 1.7370843048442621 9.272801033877746
825.0 297.3020302517669 12.0119041771148 2.103455613815525 9.383938555423061
850.0 297.3520302517669 12.0119041771148 2.4739077024049214 9.480606723877347
875.0 297.3644998276793 11.854727136251 2.8478693603427487 9.562656483931496
900.0 297.4108438172109 11.724301845822541 3.2247639658577487 9.629961320802593
925.0 297.4601624800078 11.597249016826812 3.604010374786082 9.682417455310532
950.0 297.5122807254023 11.473366150237801 3.985023816653511 9.719944003897998
975.0 297.5669167756993 11.352381042586803 4.36721679634908 9.742483103347048
1000.0 297.5942814883561 11.21296136838242 4.75 9.75
1025.0 297.624085832873 11.076719497786495 4.856249999999999 9.75
1050.0 297.65628247833695 10.943551594357618 4.9625 9.75
1075.0 297.6916328221282 10.813914896169969 5.06875 9.75
1100.0 297.7284196162059 10.686555277572369 5.175000000000001 9.75
1125.0 297.7675909695735 10.562069261130944 5.28125 9.75
1150.0 297.80900741446067 10.440301370457712 5.387499999999999 9.75
1175.0 297.85263168075454 10.321169174837689 5.49375 9.75
1200.0 297.8984197641 10.20458838331579 5.6 9.75
1225.0 297.9463485510605 10.09049081301844 5.706250000000001 9.75
1250.0 297.9963752407172 9.97879767106936 5.8125 9.75
1275.0 298.04846409083854 9.869437045061163 5.918749999999999 9.75
1300.0 298.0727725226988 9.74371926183007 6.025 9.75
1325.0 298.0990647112741 9.620606734016937 6.13125 9.75
1350.0 298.1273056442235 9.500022309402997 6.237500000000001 9.75
1375.0 298.15746075664345 9.381891471395484 6.34375 9.75
1400.0 298.1894959281116 9.266142238468616 6.449999999999999 9.75
1425.0 298.2233774795638 9.1527050678311 6.55625 9.75
1450.0 298.25907217001713 9.041512763130827 6.6625 9.75
1475.0 298.2965410830104 8.932496874323197 6.768750000000001 9.75
1500.0 298.3357639630957 8.825601642512714 6.875 9.75
1525.0 298.3767028580679 8.720762903526955 6.981249999999999 9.75
1550.0 298.41932624395463 8.61792199832701 7.0875 9.75
1575.0 298.46360301624804 8.517022207145716 7.19375 9.75
1600.0 298.5095024863274 8.418008678107599 7.300000000000001 9.75
1625.0 298.556994377386 8.320828358543851 7.40625 9.75
1650.0 298.6060488203269 8.225429929132929 7.512499999999999 9.75
1675.0 298.626773672232 8.11608178569616 7.61875 9.75
1700.0 298.64899511346795 8.00877921121599 7.725 9.75
1725.0 298.67268403162393 7.90346618517407 7.831250000000001 9.75
1750.0 298.69781171644905 7.800088527310382 7.9375 9.75
1775.0 298.7243498553159 7.698593830196766 8.04375 9.75
1800.0 298.7522705286666 7.598931394554687 8.15 9.75
1825.0 298.7815462054325 7.510091673447755 8.25625 9.75
1850.0 298.8719151565142 7.442679500040154 8.3625 9.75
1875.0 298.96360991341516 7.376373465149535 8.46875 9.75
1900.0 299.05660485418423 7.311143272199079 8.575 9.75
1925.0 299.15087470643624 7.246959547083513 8.68125 9.75
1950.0 299.2463945431036 7.1837938068568725 8.7875 9.75
1975.0 299.34313977818744 7.121618429626292 8.89375 9.75
2000.0 299.44100674822346 7.0603701528761365 9.0 9.75
2025.0 299.5401179279886 7.000090550435639 9.10625 9.75
2050.0 299.64038783790494 6.940755059991293 9.2125 9.75
2075.0 299.7417930479329 6.882280420058613 9.31875 9.75
2100.0 299.84430567210467 6.824669968018677 9.425 9.75
2125.0 299.947903081891 6.767900676176238 9.53125 9.75
2150.0 300.05368909335476 6.71329500510352 9.6375 9.75
2175.0 300.1592698128623 6.658080306841713 9.74375 9.75
2200.0 300.2659905506151 6.603694967259472 9.85 9.75
2225.0 300.37370832616523 6.550065028322288 9.95625 9.75
2250.0 300.4824023924727 6.497171035938358 10.0625 9.75
2275.0 300.5920518730593 6.444993683776796 10.16875 9.75
2300.0 300.70263623894755 6.39351426890393 10.275 9.75
2325.0 300.8141352416634 6.342714628716694 10.38125 9.75
2350.0 300.9265289120536 6.292577125192991 10.4875 9.75
2375.0 301.0397975563556 6.243084628483665 10.59375 9.75
2400.0 301.15392175233075 6.194220501117861 10.7 9.75
2425.0 301.2688823454279 6.14596858277413 10.80625 9.75
2450.0 301.3846604449836 6.098313175595627 10.9125 9.75
2475.0 301.5012374204579 6.051239030029776 11.01875 9.75
2500.0 301.6185948977078 6.004731331168456 11.125 9.75
2525.0 301.7367147552955 5.958775685571646 11.23125 9.75
2550.0 301.85557912083635 5.91335810855348 11.337499999999999 9.75
2575.0 301.9751703673842 5.868465011914264 11.443750000000001 9.75
2600.0 302.0954711098531 5.824083192098836 11.55 9.75
2625.0 302.21646420148085 5.780199818766991 11.65625 9.75
2650.0 302.3381327300459 5.736802423651983 11.7625 9.75
2675.0 302.4604600152789 5.69387889023294 11.868749999999999 9.75
2700.0 302.5834296045041 5.651417443089417 11.975000000000001 9.75
2725.0 302.7070252696384 5.609406638105774 12.08125 9.75
2750.0 302.83123100381044 5.567835352853162 12.1875 9.75
2775.0 302.95603101805483 5.5266927773097425 12.29375 9.75
2800.0 303.081409738046 5.485968404892742 12.399999999999999 9.75
2825.0 303.2073518008713 5.4456520237902595 12.506250000000001 9.75
2850.0 303.3338420518421 5.405733708581092 12.6125 9.75
2875.0 303.46086554134394 5.366203812132194 12.71875 9.75
2900.0 303.58840752172506 5.3270529577628 12.825 9.75
2925.0 303.7164534442244 5.28827203166565 12.931249999999999 9.75
2950.0 303.84498895593566 5.249852175574969 13.037500000000001 9.75
2975.0 303.9739998968127 5.211784779673053 13.14375 9.75
3000.0 304.1034722967096 5.1740614757246535 13.25 9.75
3025.0 304.233392372461 5.136674130433243 13.35625 9.75
3050.0 304.36374652499785 5.099614839008257 13.462499999999999 9.75
3075.0 304.49452133650163 5.0628759189375625 13.568750000000001 9.75
3100.0 304.62570356759556 5.026449903956705 13.675 9.75
3125.0 304.7572801545713 4.99032953820711 13.78125 9.75
3150.0 304.8892382066541 4.9545077705783305 13.8875 9.75
3175.0 305.0215650033016 4.91897774922461 13.993749999999999 9.75
3200.0 305.1542479915401 4.883732816252098 14.100000000000001 9.75
3225.0 305.28879420429354 4.850040284109197 14.20625 9.75
3250.0 305.42200265609114 4.81529122436988 14.3125 9.75
3275.0 305.5556815850028 4.780856528994683 14.41875 9.75
3300.0 305.6896676902908 4.7466818408437765 14.524999999999999 9.75
3325.0 305.823949722662 4.712761770934065 14.631250000000001 9.75
3350.0 305.95851600858066 4.67909068215194 14.7375 9.75
3375.0 306.09335510029183 4.6456631386545855 14.84375 9.75
3400.0 306.2284556944075 4.612473860443416 14.95 9.75
3425.0 306.3638066327273 4.579517720388895 15.056249999999999 9.75
3450.0 306.499396899885 4.546789740292666 15.162500000000001 9.75
3475.0 306.63521562105973 4.5142850870829925 15.26875 9.75
3500.0 306.77125205971834 4.481999069119318 15.375 9.75
3525.0 306.907495615389 4.449927132602138 15.48125 9.75
3550.0 307.0439358214661 4.41806485808574 15.587499999999999 9.75
3575.0 307.18056234304714 4.386407957089611 15.693750000000001 9.75
3600.0 307.31736497479875 4.354952268804696 15.8 9.75
3625.0 307.45433363885536 4.323693756892484 15.90625 9.75
3650.0 307.5914583824625 4.292628506292722 16.0125 9.75
3675.0 307.7287293768084 4.261752720443788 16.11875 9.75
3700.0 307.8661369140844 4.231062718076482 16.225 9.75
3725.0 308.00367140586803 4.20055493045528 16.33125 9.75
3750.0 308.1413233811387 4.170225898584009 16.4375 9.75
3775.0 308.2790834843516 4.140072270495096 16.54375 9.75
3800.0 308.4169424735401 4.110090798611163 16.65 9.75
3825.0 308.55489121844585 4.080278337176821 16.75625 9.75
3850.0 308.69292069867805 4.050631839757829 16.8625 9.75
3875.0 308.83102200189865 4.0211483568062185 16.96875 9.75
3900.0 308.9691863220347 3.991825033288028 17.075 9.75
3925.0 309.10740495752015 3.9626591063732324 17.18125 9.75
3950.0 309.24566930956087 3.9336479031839273 17.2875 9.75
3975.0 309.38397088042774 3.904788838600514 17.39375 9.75
4000.0 309.5223012717772 3.8760794131233998 17.5 9.75
4025.0 309.6606521829955 3.8475172107878746 17.60625 9.75
4050.0 309.7990154095689 3.8190998971315357 17.7125 9.75
4075.0 309.9373828414804 3.7908252172117827 17.81875 9.75
4100.0 310.0757464616317 3.7626909936722015 17.925 9.75
4125.0 310.21409834428766 3.734695124855901 18.03125 9.75
4150.0 310.3524306535481 3.7068355829649025 18.1375 9.75
4175.0 310.49073564184346 3.6791104122638134 18.24375 9.75
4200.0 310.62900564845285 3.6515177273257744 18.35 9.75
4225.0 310.76723309804885 3.624055711321228 18.45625 9.75
4250.0 310.9054104992635 3.596722614345742 18.5625 9.75
4275.0 311.04353044327985 3.5695167517878055 18.66875 9.75
4300.0 311.18158560244535 3.5424365027340343 18.775 9.75
4325.0 311.31956872890953 3.5154803084113433 18.88125 9.75
4350.0 311.45741984259047 3.4886345659689075 18.9875 9.75
4375.0 311.59523026617603 3.4619204897889384 19.09375 9.75
4400.0 311.7352488750176 3.4365842130382567 19.2 9.75
4425.0 311.87271139259735 3.410065358365506 19.30625 9.75
4450.0 312.010232263941 3.3837011934347845 19.4125 9.75
4475.0 312.14763857805514 3.3574526218425937 19.51875 9.75
4500.0 312.2849243730953 3.3313188642112244 19.625 9.75
4525.0 312.42208290510587 3.305298774085078 19.73125 9.75
4550.0 312.55910759025454 3.279391287796757 19.8375 9.75
4575.0 312.6959919095995 3.2535953894207275 19.94375 9.75
4600.0 312.8327294101825 3.2279101101202565 20.05 9.75
4625.0 312.9693137042516 3.20233452701692 20.15625 9.75
4650.0 313.1057384681584 3.176867762016793 20.2625 9.75
4675.0 313.2419974412996 3.1515089806658634 20.36875 9.75
4700.0 313.3780844250795 3.126257391029377 20.475 9.75
4725.0 313.51399328189353 3.1011122425938056 20.58125 9.75
4750.0 313.6497179341308 3.0760728251912037 20.6875 9.75
4775.0 313.7852523631972 3.0511384679450972 20.79375 9.75
4800.0 313.9205906085606 3.026308538237946 20.9 9.75
4825.0 314.0557267668126 3.001582440698478 21.00625 9.75
4850.0 314.1906549907529 2.9769596162093923 21.1125 9.75
4875.0 314.32536948849224 2.952439540934435 21.21875 9.75
4900.0 314.45986452257534 2.9280217253642014 21.325 9.75
4925.0 314.5941344091237 2.9037057133806985 21.43125 9.75
4950.0 314.72817351699626 2.8794910813392334 21.5375 9.75
4975.0 314.8619762669717 2.8553774371683156 21.64375 9.75
5000.0 314.9955371309488 2.8313644194864476 21.75 9.75
5025.0 315.1288506311657 2.8074516967350633 21.85625 9.75
5050.0 315.26191133943934 2.7836389663280703 21.9625 9.75
5075.0 315.39471387642254 2.759925953816793 22.06875 9.75
5100.0 315.5272529108808 2.7363124120704208 22.175 9.75
5125.0 315.6595231589888 2.7127981204712044 22.28125 9.75
5150.0 315.7915193836439 2.689382884124388 22.3875 9.75
5175.0 315.9232363937992 2.6660665330820352 22.49375 9.75
5200.0 316.05466904381603 2.6428489215811393 22.6 9.75
5225.0 316.1858122328338 2.619729927294778 22.70625 9.75
5250.0 316.31666288363454 2.596699175508967 22.8125 9.75
5275.0 316.44721199912146 2.5737772729878516 22.91875 9.75
5300.0 316.57745661384985 2.5509537530116115 23.025 9.75
5325.0 316.7073501042047 2.5282216152005184 23.13125 9.75
5350.0 316.83696561785956 2.5055939419607145 23.2375 9.75
5375.0 316.9662668161073 2.4830654090396256 23.34375 9.75
5400.0 317.0952440678557 2.4606352378511054 23.45 9.75
5425.0 317.223892600633 2.438303464737218 23.55625 9.75
5450.0 317.3522076907348 2.4160701462752603 23.6625 9.75
5475.0 317.48018465458426 2.393935356047742 23.76875 9.75
5500.0 317.6078188481142 2.3718991837120758 23.875 9.75
5525.0 317.735105665624 2.3499617342733807 23.98125 9.75
5550.0 317.8620405396875 2.3281231275332175 24.0875 9.75
5575.0 317.9886189407603 2.306383497496614 24.19375 9.75
5600.0 318.1148363768226 2.284742991791591 24.3 9.75
5625.0 318.24068839303817 2.263201771097819 24.40625 9.75
5650.0 318.3661705714333 2.2417600085846177 24.5125 9.75
5675.0 318.49127853059207 2.2204178893575803 24.61875 9.75
5700.0 318.6160079253695 2.1991756099141626 24.725 9.75
5725.0 318.743864773616 2.179182834304519 24.83125 9.75
5750.0 318.8676513698581 2.1581064254820284 24.9375 9.75
5775.0 318.9912290086508 2.1371570416674035 25.04375 9.75
5800.0 319.11441002128305 2.116308059111797 25.15 9.75
5825.0 319.2371914443415 2.095560093560634 25.25625 9.75
5850.0 319.3595690388295 2.074913374922765 25.3625 9.75
5875.0 319.4815387099449 2.0543681654643513 25.46875 9.75
5900.0 319.60309639453 2.033924734306662 25.575 9.75
5925.0 319.72423806394494 2.013583357445017 25.68125 9.75
5950.0 319.84495972390243 1.9933443172698122 25.7875 9.75
5975.0 319.9652574143737 1.973207902107717 25.89375 9.75
6000.0 320.08512720950966 1.953174405769404 26.0 9.75
6025.0 320.20456521757706 1.9332441271039271 26.0 9.75
6050.0 320.323567580915 1.9134173695601775 26.0 9.75
6075.0 320.44213047590404 1.8936944407544263 26.0 9.75
6100.0 320.5602501129555 1.8740756520447952 26.0 9.75
6125.0 320.67792273651435 1.8545613181117997 26.0 9.75
6150.0 320.79514462508126 1.835151756545392 26.0 9.75
6175.0 320.9119120912494 1.8158472874381195 26.0 9.75
6200.0 321.0281896935302 1.7966444248008953 26.0 9.75
6225.0 321.1440335613161 1.7775506917316886 26.0 9.75
6250.0 321.25941574508255 1.758563451351324 26.0 9.75
6275.0 321.3743291146795 1.739682604217156 26.0 9.75
6300.0 321.48877014665703 1.7209084751189345 26.0 9.75
6325.0 321.60273535926575 1.7022413907119867 26.0 9.75
6350.0 321.7162213063236 1.683681677708092 26.0 9.75
6375.0 321.82922457656616 1.6652296622745228 26.0 9.75
6400.0 321.9417417938688 1.6468856696841274 26.0 9.75
6425.0 322.0537696174407 1.6286500239663304 26.0 9.75
6450.0 322.1653047420323 1.6105230475631584 26.0 9.75
6475.0 322.2763438981605 1.592505060991272 26.0 9.75
6500.0 322.38688385234576 1.574596382508729 26.0 9.75
6525.0 322.4969214073641 1.5567973277874356 26.0 9.75
6550.0 322.60645340251415 1.5391082095906805 26.0 9.75
6575.0 322.7154767138971 1.5215293374559176 26.0 9.75
6600.0 322.82398825471034 1.504061017382714 26.0 9.75
6625.0 322.9319849755555 1.486703551525889 26.0 9.75
6650.0 323.039463864758 1.4694572378937816 26.0 9.75
6675.0 323.14642194870095 1.4523223700514882 26.0 9.75
6700.0 323.252856292171 1.4352992368293434 26.0 9.75
6725.0 323.358763998717 1.4183881220364782 26.0 9.75
6750.0 323.46414221102026 1.4015893041791765 26.0 9.75
6775.0 323.5689881112771 1.3849030561846443 26.0 9.75
6800.0 323.6732989215917 1.3683296451293898 26.0 9.75
6825.0 323.7770719043822 1.3518693319730064 26.0 9.75
6850.0 323.88030436279575 1.3355223712966686 26.0 9.75
6875.0 323.98299364113416 1.3192890110467816 26.0 9.75
6900.0 324.08513712529117 1.3031694922836934 26.0 9.75
6925.0 324.1867322431977 1.2871640489352567 26.0 9.75
6950.0 324.2877764652772 1.2712729075555325 26.0 9.75
6975.0 324.3882673049107 1.2554962870885173 26.0 9.75
7000.0 324.4882033073498 1.2398294011635493 26.0 9.75
7025.0 324.58758007834024 1.2242825407879145 26.0 9.75
7050.0 324.68639626978296 1.208850808901516 26.0 9.75
7075.0 324.7846495716929 1.193534391754771 26.0 9.75
7100.0 324.88233771948325 1.178333466882421 26.0 9.75
7125.0 324.9794584944745 1.163248202897726 26.0 9.75
7150.0 325.07600972440935 1.1482787592917436 26.0 9.75
7175.0 325.17198928397283 1.133425286237704 26.0 9.75
7200.0 325.26739509512015 1.1186879243857464 26.0 9.75
7225.0 325.36222512820524 1.1040668047235427 26.0 9.75
7250.0 325.46220480453695 1.090455537676752 26.0 9.75
7275.0 325.55571595669966 1.076045006446971 26.0 9.75
7300.0 325.64882547652536 1.0617645583349664 26.0 9.75
7325.0 325.741349707348 1.0476005223816585 26.0 9.75
7350.0 325.83328893911226 1.033553287018545 26.0 9.75
7375.0 325.9246413240944 1.0196229088307713 26.0 9.75
7400.0 326.01540518510984 1.0058094467369791 26.0 9.75
7425.0 326.1055788948284 0.992112948442406 26.0 9.75
7450.0 326.1951608788225 0.9785334505383034 26.0 9.75
7475.0 326.2841496160499 0.9650709783633368 26.0 9.75
7500.0 326.3725436393941 0.9517255458778738 26.0 9.75
7525.0 326.4603415362029 0.9384971555439166 26.0 9.75
7550.0 326.5475419488213 0.9253857982104253 26.0 9.75
7575.0 326.6341435751229 0.9123914530045846 26.0 9.75
7600.0 326.7201451690339 0.899514087228638 26.0 9.75
7625.0 326.80554554105476 0.8867536562625395 26.0 9.75
7650.0 326.890343558773 0.8741101034723999 26.0 9.75
7675.0 326.9745381473715 0.8615833601247509 26.0 9.75
7700.0 327.0581282901282 0.8491733453066976 26.0 9.75
7725.0 327.14111302890876 0.8368799658520073 26.0 9.75
7750.0 327.2234914646489 0.8247031162729783 26.0 9.75
7775.0 327.3052627578295 0.8126426786985428 26.0 9.75
7800.0 327.3864261289402 0.8006985228180773 26.0 9.75
7825.0 327.46698085893183 0.7888705058314461 26.0 9.75
7850.0 327.54692628965955 0.7771584724050208 26.0 9.75
7875.0 327.62626182431046 0.7655622546337101 26.0 9.75
7900.0 327.7049869278213 0.7540816720092129 26.0 9.75
7925.0 327.78310112728184 0.7427165313943408 26.0 9.75
7950.0 327.8606040123225 0.7314666270033945 26.0 9.75
7975.0 327.9374952354904 0.7203317403889201 26.0 9.75
8000.0 328.0137745126049 0.7093116404342762 26.0 9.75
8025.0 328.08944162310274 0.6984060833528222 26.0 9.75
8050.0 328.16449641036166 0.6876148126928937 26.0 9.75
8075.0 328.23893878200835 0.6769375593492309 26.0 9.75
8100.0 328.3127687102089 0.6663740415805041 26.0 9.75
8125.0 328.3859862317703 0.6559239650253686 26.0 9.75
8150.0 328.45859144890227 0.6455870227558356 26.0 9.75
8175.0 328.53058452893004 0.6353628952893456 26.0 9.75
8200.0 328.60196570468685 0.6252512506395306 26.0 9.75
8225.0 328.6727352747002 0.6152517443645125 26.0 9.75
8250.0 328.74289360335746 0.605364019621396 26.0 9.75
8275.0 328.8124411210548 0.5955877072270985 26.0 9.75
8300.0 328.88137832431806 0.5859224257250774 26.0 9.75
8325.0 328.9497057759033 0.5763677814582253 26.0 9.75
8350.0 329.0174241048726 0.5669233686477322 26.0 9.75
8375.0 329.084534006646 0.5575887694780116 26.0 9.75
8400.0 329.1510362430289 0.5483635541875115 26.0 9.75
8425.0 329.2169316422131 0.5392472811654163 26.0 9.75
8450.0 329.28222154552134 0.5302372720928029 26.0 9.75
8475.0 329.3469060101639 0.5213375627736458 26.0 9.75
8500.0 329.41098652034395 0.5125453998292392 26.0 9.75
8525.0 329.4744641693053 0.5038602953505643 26.0 9.75
8550.0 329.5373401163003 0.4952817501494258 26.0 9.75
8575.0 329.5996155864334 0.486809253889286 26.0 9.75
8600.0 329.6612918704784 0.47844228522158 26.0 9.75
8625.0 329.7223703246688 0.47018031192740795 26.0 9.75
8650.0 329.7828523704579 0.4620227910644198 26.0 9.75
8675.0 329.84273949425307 0.45396916911891433 26.0 9.75
8700.0 329.9020332471229 0.44601888216306 26.0 9.75
8725.0 329.96073524447337 0.43817135601699503 26.0 9.75
8750.0 330.018847165698 0.43042600641586415 26.0 9.75
8775.0 330.0763707538005 0.4227822391816174 26.0 9.75
8800.0 330.1333078149868 0.4152394503993834 26.0 9.75
8825.0 330.1896602182306 0.40779702659842343 26.0 9.75
8850.0 330.24542989481176 0.4004543449374952 26.0 9.75
8875.0 330.3006188378243 0.393210773394407 26.0 9.75
8900.0 330.35522910165906 0.386065670959802 26.0 9.75
8925.0 330.4092628014568 0.37901838783488373 26.0 9.75
8950.0 330.462722112535 0.3720682656330265 26.0 9.75
8975.0 330.5156092697881 0.3652146375851429 26.0 9.75
9000.0 330.8544879463334 0.3652146375851429 26.0 9.75
9025.0 331.19371407623396 0.3652146375851429 26.0 9.75
9050.0 331.5332880157348 0.3652146375851429 26.0 9.75
9075.0 331.8732101214462 0.3652146375851429 26.0 9.75
9100.0 332.21348075034405 0.3652146375851429 26.0 9.75
9125.0 332.5541002597703 0.3652146375851429 26.0 9.75
9150.0 332.89506900743305 0.3652146375851429 26.0 9.75
9175.0 333.2363873514076 0.3652146375851429 26.0 9.75
9200.0 333.5780556501359 0.3652146375851429 26.0 9.75
9225.0 333.92007426242776 0.3652146375851429 26.0 9.75
9250.0 334.26244354746086 0.3652146375851429 26.0 9.75
9275.0 334.6051638647808 0.3652146375851429 26.0 9.75
9300.0 334.9482355743023 0.3652146375851429 26.0 9.75
9325.0 335.2916590363087 0.3652146375851429 26.0 9.75
9350.0 335.63543461145304 0.3652146375851429 26.0 9.75
9375.0 335.9795626607579 0.3652146375851429 26.0 9.75
9400.0 336.3240435456162 0.3652146375851429 26.0 9.75
9425.0 336.66887762779135 0.3652146375851429 26.0 9.75
9450.0 337.01406526941753 0.3652146375851429 26.0 9.75
9475.0 337.35960683300044 0.3652146375851429 26.0 9.75
9500.0 337.70550268141733 0.3652146375851429 26.0 9.75
9525.0 338.05175317791753 0.3652146375851429 26.0 9.75
9550.0 338.39835868612283 0.3652146375851429 26.0 9.75
9575.0 338.7453195700278 0.3652146375851429 26.0 9.75
9600.0 339.0926361940003 0.3652146375851429 26.0 9.75
9625.0 339.4403089227817 0.3652146375851429 26.0 9.75
9650.0 339.78833812148736 0.3652146375851429 26.0 9.75
9675.0 340.13672415560694 0.3652146375851429 26.0 9.75
9700.0 340.48546739100493 0.3652146375851429 26.0 9.75
9725.0 340.834568193921 0.3652146375851429 26.0 9.75
9750.0 341.1840269309701 0.3652146375851429 26.0 9.75
9775.0 341.5338439691433 0.3652146375851429 26.0 9.75
9800.0 341.8840196758077 0.3652146375851429 26.0 9.75
9825.0 342.2345544187074 0.3652146375851429 26.0 9.75
9850.0 342.5854485659632 0.3652146375851429 26.0 9.75
9875.0 342.9367024860736 0.3652146375851429 26.0 9.75
9900.0 343.28831654791486 0.3652146375851429 26.0 9.75
9925.0 343.6402911207413 0.3652146375851429 26.0 9.75
9950.0 343.99262657418603 0.3652146375851429 26.0 9.75
9975.0 344.345323278261 0.3652146375851429 26.0 9.75
10000.0 344.6983816033577 0.3652146375851429 26.0 9.75
10025.0 345.05180192024716 0.3652146375851429 26.0 9.75
10050.0 345.4055846000807 0.3652146375851429 26.0 9.75
10075.0 345.75973001439024 0.3652146375851429 26.0 9.75
10100.0 346.11423853508853 0.3652146375851429 26.0 9.75
10125.0 346.4691105344697 0.3652146375851429 26.0 9.75
10150.0 346.8243463852095 0.3652146375851429 26.0 9.75
10175.0 347.1799464603659 0.3652146375851429 26.0 9.75
10200.0 347.5359111333793 0.3652146375851429 26.0 9.75
10225.0 347.89224077807296 0.3652146375851429 26.0 9.75
10250.0 348.24893576865367 0.3652146375851429 26.0 9.75
10275.0 348.60599647971145 0.3652146375851429 26.0 9.75
10300.0 348.9634232862208 0.3652146375851429 26.0 9.75
10325.0 349.3212165635405 0.3652146375851429 26.0 9.75
10350.0 349.6793766874141 0.3652146375851429 26.0 9.75
10375.0 350.03790403397056 0.3652146375851429 26.0 9.75
10400.0 350.39679897972457 0.3652146375851429 26.0 9.75
10425.0 350.7560619015765 0.3652146375851429 26.0 9.75
10450.0 351.1156931768135 0.3652146375851429 26.0 9.75
10475.0 351.4756931831095 0.3652146375851429 26.0 9.75
10500.0 351.83606229852546 0.3652146375851429 26.0 9.75
10525.0 352.1968009015102 0.3652146375851429 26.0 9.75
10550.0 352.5579093709004 0.3652146375851429 26.0 9.75
10575.0 352.91938808592124 0.3652146375851429 26.0 9.75
10600.0 353.28123742618675 0.3652146375851429 26.0 9.75
10625.0 353.64345777170007 0.3652146375851429 26.0 9.75
10650.0 354.0060495028541 0.3652146375851429 26.0 9.75
10675.0 354.3690130004317 0.3652146375851429 26.0 9.75
10700.0 354.73234864560607 0.3652146375851429 26.0 9.75
10725.0 355.09605681994134 0.3652146375851429 26.0 9.75
10750.0 355.46013790539274 0.3652146375851429 26.0 9.75
10775.0 355.8245922843073 0.3652146375851429 26.0 9.75
10800.0 356.18942033942386 0.3652146375851429 26.0 9.75
10825.0 356.55462245387383 0.3652146375851429 26.0 9.75
10850.0 356.9201990111814 0.3652146375851429 26.0 9.75
10875.0 357.28615039526403 0.3652146375851429 26.0 9.75
10900.0 357.6524769904327 0.3652146375851429 26.0 9.75
10925.0 358.01917918139253 0.3652146375851429 26.0 9.75
10950.0 358.3862573532431 0.3652146375851429 26.0 9.75
10975.0 358.75371189147864 0.3652146375851429 26.0 9.75
11000.0 359.1215431819889 0.3652146375851429 26.0 9.75
11025.0 359.4897516110591 0.3652146375851429 26.0 9.75
11050.0 359.85833756537056 0.3652146375851429 26.0 9.75
11075.0 360.2273014320011 0.3652146375851429 26.0 9.75
11100.0 360.59664359842543 0.3652146375851429 26.0 9.75
11125.0 360.9663644525154 0.3652146375851429 26.0 9.75
11150.0 361.3364643825407 0.3652146375851429 26.0 9.75
11175.0 361.7069437771691 0.3652146375851429 26.0 9.75
11200.0 362.0778030254668 0.3652146375851429 26.0 9.75
11225.0 362.4490425168989 0.3652146375851429 26.0 9.75
11250.0 362.8206626413299 0.3652146375851429 26.0 9.75
11275.0 363.192663789024 0.3652146375851429 26.0 9.75
11300.0 363.56504635064545 0.3652146375851429 26.0 9.75
11325.0 363.93781071725925 0.3652146375851429 26.0 9.75
11350.0 364.3109572803312 0.3652146375851429 26.0 9.75
11375.0 364.6844864317285 0.3652146375851429 26.0 9.75
11400.0 365.0583985637201 0.3652146375851429 26.0 9.75
11425.0 365.43269406897724 0.3652146375851429 26.0 9.75
11450.0 365.80737334057375 0.3652146375851429 26.0 9.75
11475.0 366.1824367719863 0.3652146375851429 26.0 9.75
11500.0 366.55788475709534 0.3652146375851429 26.0 9.75
11525.0 366.9337176901848 0.3652146375851429 26.0 9.75
11550.0 367.30993596594305 0.3652146375851429 26.0 9.75
11575.0 367.68653997946325 0.3652146375851429 26.0 9.75
11600.0 368.0635301262434 0.3652146375851429 26.0 9.75
11625.0 368.44090680218716 0.3652146375851429 26.0 9.75
11650.0 368.8186704036041 0.3652146375851429 26.0 9.75
11675.0 369.19682132721 0.3652146375851429 26.0 9.75
11700.0 369.5753599701277 0.3652146375851429 26.0 9.75
11725.0 369.95428672988686 0.3652146375851429 26.0 9.75
11750.0 370.3336020044249 0.3652146375851429 26.0 9.75
11775.0 370.71330619208715 0.3652146375851429 26.0 9.75
11800.0 371.09339969162767 0.3652146375851429 26.0 9.75
11825.0 371.47388290220886 0.3652146375851429 26.0 9.75
11850.0 371.85475622340283 0.3652146375851429 26.0 9.75
11875.0 372.23602005519115 0.3652146375851429 26.0 9.75
11900.0 372.61767479796555 0.3652146375851429 26.0 9.75
11925.0 372.99972085252824 0.3652146375851429 26.0 9.75
11950.0 373.38215862009247 0.3652146375851429 26.0 9.75
11975.0 373.76498850228273 0.3652146375851429 26.0 9.75
12000.0 374.1482109011353 0.3652146375851429 26.0 9.75
12025.0 374.53182621909895 0.3652146375851429 26.0 9.75
12050.0 374.9158348590346 0.3652146375851429 26.0 9.75
12075.0 375.3002372242167 0.3652146375851429 26.0 9.75
12100.0 375.6850337183328 0.3652146375851429 26.0 9.75
12125.0 376.0702247454846 0.3652146375851429 26.0 9.75
12150.0 376.4558107101881 0.3652146375851429 26.0 9.75
12175.0 376.8417920173738 0.3652146375851429 26.0 9.75
12200.0 377.2281690723877 0.3652146375851429 26.0 9.75
12225.0 377.61494228099133 0.3652146375851429 26.0 9.75
12250.0 378.0021120493621 0.3652146375851429 26.0 9.75
12275.0 378.389678784094 0.3652146375851429 26.0 9.75
12300.0 378.7776428921977 0.3652146375851429 26.0 9.75
12325.0 379.16600478110166 0.3652146375851429 26.0 9.75
12350.0 379.55476485865154 0.3652146375851429 26.0 9.75
12375.0 379.9439235331115 0.3652146375851429 26.0 9.75
12400.0 380.33348121316413 0.3652146375851429 26.0 9.75
12425.0 380.72343830791107 0.3652146375851429 26.0 9.75
12450.0 381.11379522687355 0.3652146375851429 26.0 9.75
12475.0 381.50455237999245 0.3652146375851429 26.0 9.75
12500.0 381.8957101776292 0.3652146375851429 26.0 9.75
12525.0 382.2872690305657 0.3652146375851429 26.0 9.75
12550.0 382.6792293500054 0.3652146375851429 26.0 9.75
12575.0 383.07159154757306 0.3652146375851429 26.0 9.75
12600.0 383.46435603531546 0.3652146375851429 26.0 9.75
12625.0 383.8575232257021 0.3652146375851429 26.0 9.75
12650.0 384.2510935316252 0.3652146375851429 26.0 9.75
12675.0 384.6450673664004 0.3652146375851429 26.0 9.75
12700.0 385.03944514376695 0.3652146375851429 26.0 9.75
12725.0 385.4342272778886 0.3652146375851429 26.0 9.75
12750.0 385.8294141833536 0.3652146375851429 26.0 9.75
12775.0 386.225006275175 0.3652146375851429 26.0 9.75
12800.0 386.62100396879197 0.3652146375851429 26.0 9.75
12825.0 387.0174076800691 0.3652146375851429 26.0 9.75
12850.0 387.41421782529744 0.3652146375851429 26.0 9.75
12875.0 387.8114348211952 0.3652146375851429 26.0 9.75
12900.0 388.2090590849075 0.3652146375851429 26.0 9.75
12925.0 388.60709103400734 0.3652146375851429 26.0 9.75
12950.0 389.0055310864958 0.3652146375851429 26.0 9.75
12975.0 389.40437966080253 0.3652146375851429 26.0 9.75
13000.0 389.80363717578626 0.3652146375851429 26.0 9.75
13025.0 390.20330405073514 0.3652146375851429 26.0 9.75
13050.0 390.6033807053671 0.3652146375851429 26.0 9.75
13075.0 391.00386755983055 0.3652146375851429 26.0 9.75
13100.0 391.4047650347047 0.3652146375851429 26.0 9.75
13125.0 391.806073551 0.3652146375851429 26.0 9.75
13150.0 392.2077935301583 0.3652146375851429 26.0 9.75
13175.0 392.60992539405385 0.3652146375851429 26.0 9.75
13200.0 393.0124695649934 0.3652146375851429 26.0 9.75
13225.0 393.4154264657165 0.3652146375851429 26.0 9.75
13250.0 393.8187965193964 0.3652146375851429 26.0 9.75
13275.0 394.22258014964007 0.3652146375851429 26.0 9.75
13300.0 394.62677778048874 0.3652146375851429 26.0 9.75
13325.0 395.03138983641867 0.3652146375851429 26.0 9.75
13350.0 395.43641674234107 0.3652146375851429 26.0 9.75
13375.0 395.841858923603 0.3652146375851429 26.0 9.75
13400.0 396.24771680598747 0.3652146375851429 26.0 9.75
13425.0 396.65399081571417 0.3652146375851429 26.0 9.75
13450.0 397.0606813794397 0.3652146375851429 26.0 9.75
13475.0 397.4677889242583 0.3652146375851429 26.0 9.75
13500.0 397.8753138777017 0.3652146375851429 26.0 9.75
13525.0 398.28325666774066 0.3652146375851429 26.0 9.75
13550.0 398.691617722784 0.3652146375851429 26.0 9.75
13575.0 399.10039747168025 0.3652146375851429 26.0 9.75
13600.0 399.5095963437175 0.3652146375851429 26.0 9.75
13625.0 399.91921476862393 0.3652146375851429 26.0 9.75
13650.0 400.3292531765685 0.3652146375851429 26.0 9.75
13675.0 400.73971199816106 0.3652146375851429 26.0 9.75
13700.0 401.15059166445303 0.3652146375851429 26.0 9.75
13725.0 401.5618926069378 0.3652146375851429 26.0 9.75
13750.0 401.9736152575513 0.3652146375851429 26.0 9.75
13775.0 402.38576004867184 0.3652146375851429 26.0 9.75
13800.0 402.7983274131216 0.3652146375851429 26.0 9.75
13825.0 403.21131778416634 0.3652146375851429 26.0 9.75
13850.0 403.624731595516 0.3652146375851429 26.0 9.75
13875.0 404.03856928132524 0.3652146375851429 26.0 9.75
13900.0 404.45283127619376 0.3652146375851429 26.0 9.75
13925.0 404.8675180151671 0.3652146375851429 26.0 9.75
13950.0 405.2826299337366 0.3652146375851429 26.0 9.75
13975.0 405.6981674678402 0.3652146375851429 26.0 9.75
14000.0 406.11413105386293 0.3652146375851429 26.0 9.75
14025.0 406.5305211286371 0.3652146375851429 26.0 9.75
14050.0 406.94733812944287 0.3652146375851429 26.0 9.75
14075.0 407.3645824940089 0.3652146375851429 26.0 9.75
14100.0 407.78225466051254 0.3652146375851429 26.0 9.75
14125.0 408.20035506758046 0.3652146375851429 26.0 9.75
14150.0 408.61888415428905 0.3652146375851429 26.0 9.75
14175.0 409.0378423601648 0.3652146375851429 26.0 9.75
14200.0 409.457230125185 0.3652146375851429 26.0 9.75
14225.0 409.87704788977794 0.3652146375851429 26.0 9.75
14250.0 410.2972960948235 0.3652146375851429 26.0 9.75
14275.0 410.7179751816536 0.3652146375851429 26.0 9.75
14300.0 411.13908559205277 0.3652146375851429 26.0 9.75
14325.0 411.5606277682582 0.3652146375851429 26.0 9.75
14350.0 411.9826021529609 0.3652146375851429 26.0 9.75
14375.0 412.4050091893055 0.3652146375851429 26.0 9.75
14400.0 412.827849320891 0.3652146375851429 26.0 9.75
14425.0 413.2511229917714 0.3652146375851429 26.0 9.75
14450.0 413.6748306464558 0.3652146375851429 26.0 9.75
14475.0 414.0989727299092 0.3652146375851429 26.0 9.75
14500.0 414.52354968755276 0.3652146375851429 26.0 9.75
14525.0 414.94856196526433 0.3652146375851429 26.0 9.75
14550.0 415.3740100093788 0.3652146375851429 26.0 9.75
14575.0 415.799894266689 0.3652146375851429 26.0 9.75
14600.0 416.22621518444555 0.3652146375851429 26.0 9.75
14625.0 416.6529732103578 0.3652146375851429 26.0 9.75
14650.0 417.080168792594 0.3652146375851429 26.0 9.75
14675.0 417.50780237978216 0.3652146375851429 26.0 9.75
14700.0 417.93587442101 0.3652146375851429 26.0 9.75
14725.0 418.36438536582585 0.3652146375851429 26.0 9.75
14750.0 418.79333566423884 0.3652146375851429 26.0 9.75
14775.0 419.22272576671975 0.3652146375851429 26.0 9.75
14800.0 419.6525561242009 0.3652146375851429 26.0 9.75
14825.0 420.0828271880771 0.3652146375851429 26.0 9.75
14850.0 420.513539410206 0.3652146375851429 26.0 9.75
14875.0 420.9446932429086 0.3652146375851429 26.0 9.75
14900.0 421.3762891389695 0.3652146375851429 26.0 9.75
14925.0 421.80832755163766 0.3652146375851429 26.0 9.75
14950.0 422.2408089346268 0.3652146375851429 26.0 9.75
14975.0 422.6737337421156 0.3652146375851429 26.0 9.75
15000.0 423.1071024287486 0.3652146375851429 26.0 9.75
15025.0 423.5409154496366 0.3652146375851429 26.0 9.75
15050.0 423.97517326035677 0.3652146375851429 26.0 9.75
15075.0 424.4098763169535 0.3652146375851429 26.0 9.75
15100.0 424.8450250759389 0.3652146375851429 26.0 9.75
15125.0 425.2806199942928 0.3652146375851429 26.0 9.75
15150.0 425.7166615294639 0.3652146375851429 26.0 9.75
15175.0 426.15315013936987 0.3652146375851429 26.0 9.75
15200.0 426.59008628239764 0.3652146375851429 26.0 9.75
15225.0 427.0274704174044 0.3652146375851429 26.0 9.75
15250.0 427.4653030037178 0.3652146375851429 26.0 9.75
15275.0 427.9035845011362 0.3652146375851429 26.0 9.75
15300.0 428.3423153699296 0.3652146375851429 26.0 9.75
15325.0 428.7814960708399 0.3652146375851429 26.0 9.75
15350.0 429.2211270650813 0.3652146375851429 26.0 9.75
15375.0 429.661208814341 0.3652146375851429 26.0 9.75
15400.0 430.10174178077955 0.3652146375851429 26.0 9.75
15425.0 430.5427264270312 0.3652146375851429 26.0 9.75
15450.0 430.98416321620465 0.3652146375851429 26.0 9.75
15475.0 431.4260526118836 0.3652146375851429 26.0 9.75
15500.0 431.8683950781268 0.3652146375851429 26.0 9.75
15525.0 432.31119107946887 0.3652146375851429 26.0 9.75
15550.0 432.7544410809208 0.3652146375851429 26.0 9.75
15575.0 433.1981455479703 0.3652146375851429 26.0 9.75
15600.0 433.6423049465823 0.3652146375851429 26.0 9.75
15625.0 434.08691974319964 0.3652146375851429 26.0 9.75
15650.0 434.5319904047432 0.3652146375851429 26.0 9.75
15675.0 434.97751739861286 0.3652146375851429 26.0 9.75
15700.0 435.42350119268735 0.3652146375851429 26.0 9.75
15725.0 435.8699422553255 0.3652146375851429 26.0 9.75
15750.0 436.316841055366 0.3652146375851429 26.0 9.75
15775.0 436.7641980621286 0.3652146375851429 26.0 9.75
15800.0 437.2120137454141 0.3652146375851429 26.0 9.75
15825.0 437.6602885755048 0.3652146375851429 26.0 9.75
15850.0 438.1090230231654 0.3652146375851429 26.0 9.75
15875.0 438.55821755964325 0.3652146375851429 26.0 9.75
15900.0 439.0078726566688 0.3652146375851429 26.0 9.75
15925.0 439.4579887864562 0.3652146375851429 26.0 9.75
15950.0 439.9085664217038 0.3652146375851429 26.0 9.75
15975.0 440.35960603559454 0.3652146375851429 26.0 9.75
16000.0 440.8111081017966 0.3652146375851429 26.0 9.75
16025.0 441.2630730944637 0.3652146375851429 26.0 9.75
16050.0 441.7155014882359 0.3652146375851429 26.0 9.75
16075.0 442.1683937582396 0.3652146375851429 26.0 9.75
16100.0 442.62175038008866 0.3652146375851429 26.0 9.75
16125.0 443.07557182988444 0.3652146375851429 26.0 9.75
16150.0 443.52985858421647 0.3652146375851429 26.0 9.75
16175.0 443.984611120163 0.3652146375851429 26.0 9.75
16200.0 444.4398299152912 0.3652146375851429 26.0 9.75
16225.0 444.89551544765817 0.3652146375851429 26.0 9.75
16250.0 445.351668195811 0.3652146375851429 26.0 9.75
16275.0 445.8082886387876 0.3652146375851429 26.0 9.75
16300.0 446.26537725611666 0.3652146375851429 26.0 9.75
16325.0 446.72293452781906 0.3652146375851429 26.0 9.75
16350.0 447.18096093440744 0.3652146375851429 26.0 9.75
16375.0 447.6394569568872 0.3652146375851429 26.0 9.75
16400.0 448.0984230767572 0.3652146375851429 26.0 9.75
16425.0 448.5578597760095 0.3652146375851429 26.0 9.75
16450.0 449.0177675371307 0.3652146375851429 26.0 9.75
16475.0 449.4781468431019 0.3652146375851429 26.0 9.75
16500.0 449.93899817739964 0.3652146375851429 26.0 9.75
16525.0 450.40032202399595 0.3652146375851429 26.0 9.75
16550.0 450.86211886735913 0.3652146375851429 26.0 9.75
16575.0 451.3243891924543 0.3652146375851429 26.0 9.75
16600.0 451.78713348474366 0.3652146375851429 26.0 9.75
16625.0 452.25035223018733 0.3652146375851429 26.0 9.75
16650.0 452.7140459152435 0.3652146375851429 26.0 9.75
16675.0 453.1782150268693 0.3652146375851429 26.0 9.75
16700.0 453.64286005252103 0.3652146375851429 26.0 9.75
16725.0 454.10798148015476 0.3652146375851429 26.0 9.75
16750.0 454.573579798227 0.3652146375851429 26.0 9.75
16775.0 455.03965549569494 0.3652146375851429 26.0 9.75
16800.0 455.50620906201726 0.3652146375851429 26.0 9.75
16825.0 455.9732409871542 0.3652146375851429 26.0 9.75
16850.0 456.4407517615687 0.3652146375851429 26.0 9.75
16875.0 456.9087418762262 0.3652146375851429 26.0 9.75
16900.0 457.377211822596 0.3652146375851429 26.0 9.75
16925.0 457.84616209265084 0.3652146375851429 26.0 9.75
16950.0 458.31559317886814 0.3652146375851429 26.0 9.75
16975.0 458.7855055742302 0.3652146375851429 26.0 9.75
17000.0 459.2558997722248 0.3652146375851429 26.0 9.75
17025.0 459.7267762668456 0.3652146375851429 26.0 9.75
17050.0 460.1981355525929 0.3652146375851429 26.0 9.75
17075.0 460.66997812447386 0.3652146375851429 26.0 9.75
17100.0 461.14230447800327 0.3652146375851429 26.0 9.75
17125.0 461.615115109204 0.3652146375851429 26.0 9.75
17150.0 462.0884105146074 0.3652146375851429 26.0 9.75
17175.0 462.56219119125393 0.3652146375851429 26.0 9.75
17200.0 463.03645763669385 0.3652146375851429 26.0 9.75
17225.0 463.5112103489872 0.3652146375851429 26.0 9.75
17250.0 463.98644982670504 0.3652146375851429 26.0 9.75
17275.0 464.46217656892935 0.3652146375851429 26.0 9.75
17300.0 464.93839107525406 0.3652146375851429 26.0 9.75
17325.0 465.4150938457851 0.3652146375851429 26.0 9.75
17350.0 465.89228538114133 0.3652146375851429 26.0 9.75
17375.0 466.36996618245485 0.3652146375851429 26.0 9.75
17400.0 466.8481367513715 0.3652146375851429 26.0 9.75
17425.0 467.32679759005157 0.3652146375851429 26.0 9.75
17450.0 467.80594920117016 0.3652146375851429 26.0 9.75
17475.0 468.2855920879178 0.3652146375851429 26.0 9.75
17500.0 468.76572675400075 0.3652146375851429 26.0 9.75
17525.0 469.246353703642 0.3652146375851429 26.0 9.75
17550.0 469.72747344158154 0.3652146375851429 26.0 9.75
17575.0 470.2090864730765 0.3652146375851429 26.0 9.75
17600.0 470.6911933039024 0.3652146375851429 26.0 9.75
17625.0 471.1737944403532 0.3652146375851429 26.0 9.75
17650.0 471.6568903892421 0.3652146375851429 26.0 9.75
17675.0 472.14048165790166 0.3652146375851429 26.0 9.75
17700.0 472.62456875418485 0.3652146375851429 26.0 9.75
17725.0 473.1091521864652 0.3652146375851429 26.0 9.75
17750.0 473.59423246363764 0.3652146375851429 26.0 9.75
17775.0 474.0798100951187 0.3652146375851429 26.0 9.75
17800.0 474.56588559084736 0.3652146375851429 26.0 9.75
17825.0 475.0524594612853 0.3652146375851429 26.0 9.75
17850.0 475.5395322174177 0.3652146375851429 26.0 9.75
17875.0 476.0271043707536 0.3652146375851429 26.0 9.75
17900.0 476.5151764333264 0.3652146375851429 26.0 9.75
17925.0 477.00374891769485 0.3652146375851429 26.0 9.75
17950.0 477.49282233694265 0.3652146375851429 26.0 9.75
17975.0 477.9823972046801 0.3652146375851429 26.0 9.75
18000.0 478.4724740350438 0.3652146375851429 26.0 9.75
